	319	159.905
	358	200.678
	358	200.678
	319	159.905
	327	242.113
	358	200.678
	503	150.577
	450	31.5834
	450	31.5834
	450	31.5834
	450	31.5834
0.8	0.3	0.781557	40868.2	747	29.2354
0.8	0.1	0.781557	13622.7	747	29.2354
0.8	0.04	0.781557	5449.09	454	30.4321
0.8	0.01	0.781557	1362.271.2	0.01	1.17234	1362.27	275	24.6469
1.2	0.01	1.17234	1362.27	275	24.6469
0.8	0.01	0.781557	1362.270.8	0.009	0.781557	1226.050.86	0.009	0.840174	1226.050.86	0.006	0.840174	817.3640.5	0.006	0.488473	817.364	728	46.7452
0.4	0.006	0.390779	817.3640.4	0.01	0.390779	1362.270.4	0.01	0.390779	1362.270.5	0.01	0.488473	1362.270.3	0.01	0.293084	1362.270.2	0.006	0.195389	817.3640.2	0.003	0.195389	408.6820.3	0.002	0.293084	272.4550.5	0.002	0.488473	272.4550.5	0.001	0.488473	136.2270.5	0.003	0.488473	408.6820.5	0.009	0.488473	1226.050.05	0.009	0.0488473	1226.05	163	317.242
0.08	0.009	0.0781557	1226.050.06	0.009	0.0586168	1226.05	232	261.072
0.06	0.01	0.0586168	1362.27	233	260.375
0.08	0.01	0.0781557	1362.270.06	0.01	0.0586168	1362.27	233	260.375
0.5	0.03	0.488473	4086.820.05	0.5	0.0488473	68113.60.05	0.003	0.0488473	408.682	160	317.312
0.06	0.003	0.0586168	408.682	223	266.181
0.002	0.02	0.00195389	2724.55	0	
0.02	0.2	0.0195389	27245.50.05	0.3	0.0488473	40868.20.03	0.3	0.0293084	40868.20.035	0.35	0.0341931	47679.50.07	1.1	0.0683862	1498500.05	0.3	0.0488473	40868.20.05	0.3	0.0488473	40868.2	941	65.0427
0.05	0.3	0.0488473	40868.20.3	0.05	0.293084	6811.36	941	65.0427
0.3	0.005	0.293084	681.1360.3	0.005	0.293084	681.1360.86	0.005	0.840174	681.1360.86	0.009	0.840174	1226.05	208	262.797
	208	262.797
	503	150.577
	462	160.235
	208	262.797
	422	178.722
	422	178.722
	422	178.722
	396	140.398
	164	218.781
	164	218.781
	1239	48.5285
	508	117.476
	1118	63.5909
	1117	63.784
	503	118.048
	503	118.048
	508	117.476
	508	117.476
	1118	63.5909
	834	83.6663
	834	83.6663
	1118	63.5909
	834	83.6663
	475	114.668
	870	64.1209
	834	83.6663
	1788	51.3218
